5.999999999999999778e-01 0.000000000000000000e+00 5.999999999999999778e-01 0.000000000000000000e+00 0.000000000000000000e+00 0.000000000000000000e+00
5.952688207886867033e-01 7.519994013858255499e-02 5.999999999999999778e-01 0.000000000000000000e+00 0.000000000000000000e+00 0.000000000000000000e+00
5.811498966771786456e-01 1.492139322989128603e-01 5.999999999999999778e-01 0.000000000000000000e+00 0.000000000000000000e+00 0.000000000000000000e+00
5.578658915329507417e-01 2.208747316108067849e-01 5.999999999999999778e-01 0.000000000000000000e+00 0.000000000000000000e+00 0.000000000000000000e+00
5.257840080263180838e-01 2.890522044610291941e-01 5.999999999999999778e-01 0.000000000000000000e+00 0.000000000000000000e+00 0.000000000000000000e+00
4.854101966249684263e-01 3.526711513754838823e-01 5.999999999999999778e-01 0.000000000000000000e+00 0.000000000000000000e+00 0.000000000000000000e+00
4.373811764528469093e-01 4.107282635572132024e-01 5.999999999999999778e-01 0.000000000000000000e+00 0.000000000000000000e+00 0.000000000000000000e+00
3.824543938492137585e-01 4.623079456654735075e-01 5.999999999999999778e-01 0.000000000000000000e+00 0.000000000000000000e+00 0.000000000000000000e+00
3.214960769873979052e-01 5.065967553012090674e-01 5.999999999999999778e-01 0.000000000000000000e+00 0.000000000000000000e+00 0.000000000000000000e+00
2.554675749390435957e-01 5.428962314796117461e-01 5.999999999999999778e-01 0.000000000000000000e+00 0.000000000000000000e+00 0.000000000000000000e+00
1.854101966249684652e-01 5.706339097770920521e-01 5.999999999999999778e-01 0.000000000000000000e+00 0.000000000000000000e+00 0.000000000000000000e+00
1.124287887514347078e-01 5.893723504372132549e-01 5.999999999999999778e-01 0.000000000000000000e+00 0.000000000000000000e+00 0.000000000000000000e+00
3.767431171758798408e-02 5.988160370569629576e-01 5.999999999999999778e-01 0.000000000000000000e+00 0.000000000000000000e+00 0.000000000000000000e+00
-3.767431171758803959e-02 5.988160370569629576e-01 5.999999999999999778e-01 0.000000000000000000e+00 0.000000000000000000e+00 0.000000000000000000e+00
-1.124287887514348883e-01 5.893723504372131439e-01 5.999999999999999778e-01 0.000000000000000000e+00 0.000000000000000000e+00 0.000000000000000000e+00
-1.854101966249685207e-01 5.706339097770920521e-01 5.999999999999999778e-01 0.000000000000000000e+00 0.000000000000000000e+00 0.000000000000000000e+00
-2.554675749390435957e-01 5.428962314796116351e-01 5.999999999999999778e-01 0.000000000000000000e+00 0.000000000000000000e+00 0.000000000000000000e+00
-3.214960769873981272e-01 5.065967553012089564e-01 5.999999999999999778e-01 0.000000000000000000e+00 0.000000000000000000e+00 0.000000000000000000e+00
-3.824543938492138140e-01 4.623079456654735075e-01 5.999999999999999778e-01 0.000000000000000000e+00 0.000000000000000000e+00 0.000000000000000000e+00
-4.373811764528469648e-01 4.107282635572130913e-01 5.999999999999999778e-01 0.000000000000000000e+00 0.000000000000000000e+00 0.000000000000000000e+00
-4.854101966249683708e-01 3.526711513754839378e-01 5.999999999999999778e-01 0.000000000000000000e+00 0.000000000000000000e+00 0.000000000000000000e+00
-5.257840080263180838e-01 2.890522044610291386e-01 5.999999999999999778e-01 0.000000000000000000e+00 0.000000000000000000e+00 0.000000000000000000e+00
-5.578658915329508527e-01 2.208747316108066461e-01 5.999999999999999778e-01 0.000000000000000000e+00 0.000000000000000000e+00 0.000000000000000000e+00
-5.811498966771786456e-01 1.492139322989128880e-01 5.999999999999999778e-01 0.000000000000000000e+00 0.000000000000000000e+00 0.000000000000000000e+00
-5.952688207886867033e-01 7.519994013858245785e-02 5.999999999999999778e-01 0.000000000000000000e+00 0.000000000000000000e+00 0.000000000000000000e+00
-5.999999999999999778e-01 -1.929747179611963822e-16 5.999999999999999778e-01 0.000000000000000000e+00 0.000000000000000000e+00 0.000000000000000000e+00
-5.952688207886867033e-01 -7.519994013858256887e-02 5.999999999999999778e-01 0.000000000000000000e+00 0.000000000000000000e+00 0.000000000000000000e+00
-5.811498966771786456e-01 -1.492139322989129990e-01 5.999999999999999778e-01 0.000000000000000000e+00 0.000000000000000000e+00 0.000000000000000000e+00
-5.578658915329507417e-01 -2.208747316108069791e-01 5.999999999999999778e-01 0.000000000000000000e+00 0.000000000000000000e+00 0.000000000000000000e+00
-5.257840080263180838e-01 -2.890522044610291941e-01 5.999999999999999778e-01 0.000000000000000000e+00 0.000000000000000000e+00 0.000000000000000000e+00
-4.854101966249683153e-01 -3.526711513754839933e-01 5.999999999999999778e-01 0.000000000000000000e+00 0.000000000000000000e+00 0.000000000000000000e+00
-4.373811764528469093e-01 -4.107282635572132024e-01 5.999999999999999778e-01 0.000000000000000000e+00 0.000000000000000000e+00 0.000000000000000000e+00
-3.824543938492137030e-01 -4.623079456654736186e-01 5.999999999999999778e-01 0.000000000000000000e+00 0.000000000000000000e+00 0.000000000000000000e+00
-3.214960769873977942e-01 -5.065967553012091784e-01 5.999999999999999778e-01 0.000000000000000000e+00 0.000000000000000000e+00 0.000000000000000000e+00
-2.554675749390432626e-01 -5.428962314796118571e-01 5.999999999999999778e-01 0.000000000000000000e+00 0.000000000000000000e+00 0.000000000000000000e+00
-1.854101966249685207e-01 -5.706339097770920521e-01 5.999999999999999778e-01 0.000000000000000000e+00 0.000000000000000000e+00 0.000000000000000000e+00
-1.124287887514347772e-01 -5.893723504372132549e-01 5.999999999999999778e-01 0.000000000000000000e+00 0.000000000000000000e+00 0.000000000000000000e+00
-3.767431171758792163e-02 -5.988160370569629576e-01 5.999999999999999778e-01 0.000000000000000000e+00 0.000000000000000000e+00 0.000000000000000000e+00
3.767431171758823388e-02 -5.988160370569629576e-01 5.999999999999999778e-01 0.000000000000000000e+00 0.000000000000000000e+00 0.000000000000000000e+00
1.124287887514350687e-01 -5.893723504372131439e-01 5.999999999999999778e-01 0.000000000000000000e+00 0.000000000000000000e+00 0.000000000000000000e+00
1.854101966249683264e-01 -5.706339097770921631e-01 5.999999999999999778e-01 0.000000000000000000e+00 0.000000000000000000e+00 0.000000000000000000e+00
2.554675749390435402e-01 -5.428962314796117461e-01 5.999999999999999778e-01 0.000000000000000000e+00 0.000000000000000000e+00 0.000000000000000000e+00
3.214960769873980717e-01 -5.065967553012089564e-01 5.999999999999999778e-01 0.000000000000000000e+00 0.000000000000000000e+00 0.000000000000000000e+00
3.824543938492139805e-01 -4.623079456654733965e-01 5.999999999999999778e-01 0.000000000000000000e+00 0.000000000000000000e+00 0.000000000000000000e+00
4.373811764528471313e-01 -4.107282635572129803e-01 5.999999999999999778e-01 0.000000000000000000e+00 0.000000000000000000e+00 0.000000000000000000e+00
4.854101966249686484e-01 -3.526711513754835492e-01 5.999999999999999778e-01 0.000000000000000000e+00 0.000000000000000000e+00 0.000000000000000000e+00
5.257840080263180838e-01 -2.890522044610291941e-01 5.999999999999999778e-01 0.000000000000000000e+00 0.000000000000000000e+00 0.000000000000000000e+00
5.578658915329508527e-01 -2.208747316108067016e-01 5.999999999999999778e-01 0.000000000000000000e+00 0.000000000000000000e+00 0.000000000000000000e+00
5.811498966771786456e-01 -1.492139322989126937e-01 5.999999999999999778e-01 0.000000000000000000e+00 0.000000000000000000e+00 0.000000000000000000e+00
5.952688207886867033e-01 -7.519994013858226356e-02 5.999999999999999778e-01 0.000000000000000000e+00 0.000000000000000000e+00 0.000000000000000000e+00
